261     G37651      122223 02805        100
261     G37652      186544 02805        100
261     G37653      187200 02805        100
261     G37654      187200 02805        100
261     G37655       31419 02805        100
261     G37656      187200 02805        100
261     G37657      187200 02805        100
261     G37658      187200 02805        100
261     G37659      187200 02805        100
261     G37660      187200 02805        100
261     G37661      131040 02805        100
261     G37662       41953 02805        100
261     G37663      187191 02805        100
261     G37664      187200 02805        100
261     G37665      187200 02805        100
261     G37666      187200 02805        100
261     G37667      187200 02805        100
261     G37668      187200 02805        100
261     G37669      187200 02805        100
261     G37670      123090 02805        100
261     G37671       25226 02805        100
261     G37672      184476 02805        100
261     G37673      187200 02805        100
261     G37674      187200 02805        100
261     G37675      187200 02805        100
261     G37676      187200 02805        100
261     G37677      187200 02805        100
261     G37678      187200 02805        100
261     G37679      105598 02805        100
261     G37680      177512 02805        100
261     G37681       41795 02805        100
261     G37682       30239 02805        100
261     G37683      174616 02805        100
261     G37684      187200 02805        100
261     G37685      161625 02805        100
261     G37686       11708 02805        100
261     G37687      595837 00078        100
261     G37688      595837 00078        100
261     G37689      837837 00078        100
261     G37690      595837 00078        100
261     G37691      837837 00078        100
261     G37692      595837 00078        100
261     G37693      701107 02277        100
261     G37694      595837 00078        100
261     G37695      701107 02277        100
261     G37696      608585 02219        100
261     G37697      595837 00078        100
261     G37698      595837 00078        100
261     G37699      701107 02277        100
261     G37700      701107 02277        100
261     G37701      701107 02277        100
261     G37702      608585 02219        100
261     G37703      595837 00078        100
261     G37704      595837 00078        100
261     G37705      595837 00078        100
261     G37706      837837 00078        100
261     G37707      595837 00078        100
261     G37708      595837 00078        100
261     G37709      837837 00078        100
261     G37710      595837 00078        100
261     G37711      608585 02219        100
261     G37712      595837 00078        100
261     G37713      628628 00689        100
261     G37714      900628 00689        100
261     G37715      579628 00689        100
261     G37716     1301628 00689        100
261     G37717      579628 00689        100
261     G37718      700628 00689        100
261     G37719      579628 00689        100
261     G37720      708700 02481        100
261     G37721     1108585 02219        100
261     G37721      708700 02481        100
261     G37722      800085 02219        100
261     G37723      708700 02481        100
261     G37724      800085 02219        100
261     G37724      708700 02481        100
261     G37725     1108585 02219        100
261     G37726      121152 02790        100
261     G37727      128750 02961        100
261     G37728      182235 02961        100
261     G37729      135888 02417        100
261     G37730      135888 02417        100
261     G37731      135888 02417        100
261     G37732      135888 02417        100
261     G37733      135888 02417        100
261     G37734      125008 03481        100
261     G37735      125008 03481        100
261     G37736      135888 02417        100
261     G37737      125008 03481        100
261     G37738      125008 03481        100
261     G37739      626927 03247        100
261     G37740      127824 02668         25
261     G37740      127824 03672         50
261     G37740      127824 01999         25
261     G37741      500261 00730        100
261     G37742      850921 00059        100
261     G37743      647627 00730        100
261     G37744      221129 00730        100
261     G37745      619979 03247        100
261     G37746     1971321 00730        100
261     G37746      225525 03672         50
261     G37746      225525 01308         50
261     G37747      619979 03247        100
261     G37748      584700 02481        100
261     G37749     1100085 02219        100
261     G37750     1708585 02219        100
261     G37751      578628 00689        100
261     G37752     1195618 00059         50
261     G37752     1195618 02481         50
261     G37752      710628 00689        100
261     G37753     4560628 00689        100
261     G37753     2850927 01999      18.75
261     G37753     2850927 03247       37.5
261     G37753     2850927 02668         25
261     G37753     2850927 03362      18.75
261     G37754      650850 02219         50
261     G37754      650850 02481         50
261     G37755    25500085 02219        100
261     G37755     1876000 02058        100
261     G37755     1158700 02481        100
261     G37755     1008411 00059        100
261     G37755      803628 00689        100
261     G37756     1876005 01999         20
261     G37756     1876005 02668         20
261     G37756     1876005 03194         15
261     G37756     1876005 03570         45
261     G37757      850921 00059        100
261     G37758      578628 00689        100
261     G37759      584700 02481        100
261     G37760      584700 02481        100
261     G37761      992500 03672        100
261     G37762      655555 03737         25
261     G37762      655555 02668         25
261     G37762      655555 03570         35
261     G37762      655555 03747        7.5
261     G37762      655555 01999        7.5
261     G37763      651651 03747        7.5
261     G37763      651651 01999        7.5
261     G37763      651651 02668         25
261     G37763      651651 03570         35
261     G37763      651651 03737         25
261     G37764      762628 00689        100
261     G37765      647627 00730        100
261     G37766      584700 02481        100
261     G37767      668922 01999        7.5
261     G37767      668922 03737         25
261     G37767      668922 03570         35
261     G37767      668922 02668         25
261     G37767      668922 03747        7.5
261     G37768      718888 02668         25
261     G37768      718888 01308         30
261     G37768      718888 01999          5
261     G37768      718888 03394          7
261     G37768      718888 03570         33
261     G37769     1008585 02219        100
261     G37770     1008585 02219        100
261     G37771      608585 02219        100
261     G37772      632326 02668         18
261     G37772      632326 01999       15.5
261     G37772      632326 03570       66.5
261     G37773      630127 03570         75
261     G37773      630127 01999         10
261     G37773      630127 02668         15
261     G37774      577628 00689        100
261     G37775      641628 00689        100
261     G37776      641628 00689        100
261     G37777      577628 00689        100
261     G37778      577628 00689        100
261     G37779      751628 00689        100
261     G37780      751628 00689        100
261     G37781      751628 00689        100
261     G37782      803628 00689        100
261     G37783      615628 00689        100
261     G37784      762628 00689        100
261     G37785      800585 02219        100
261     G37786      578628 00689        100
261     G37787      581628 00689        100
261     G37788      581628 00689        100
261     G37789      578628 00689        100
261     G37790      581628 00689        100
261     G37791      974628 00689        100
261     G37792      578628 00689        100
261     G37793      578628 00689        100
261     G37794      726628 00689        100
261     G37795      726628 00689        100
261     G37796     4003628 00689        100
261     G37796     1008411 00059        100
261     G37797     6720628 00689        100
261     G37798      753628 00689        100
261     G37799      901107 02277        100
261     G37800      801107 02277        100
261     G37800      753628 00689        100
261     G37801      944628 00689        100
261     G37801      801107 02277        100
261     G37802      901107 02277        100
261     G37802      709899 02748        100
261     G37803     4110107 02277        100
261     G37803      809899 02748        100
261     G37804      835628 00689        100
261     G37805      801107 02277        100
261     G37805      753628 00689        100
261     G37805      709899 02748        100
261     G37806      809899 02748        100
261     G37807      609899 02748        100
261     G37808      809899 02748        100
261     G37808      602628 00689        100
261     G37809      809899 02748        100
261     G37810      809899 02748        100
261     G37811      609899 02748        100
261     G37812      658700 02481        100
261     G37813      609899 02748        100
261     G37814      609899 02748        100
261     G37815      609899 02748        100
261     G37816      658700 02481        100
261     G37817     3708700 02481        100
261     G37818      584700 02481        100
261     G37819      709899 02748        100
261     G37819      635628 00689        100
261     G37820     3037851 00059        100
261     G37821     4507851 00059        100
261     G37822     1961130 00730        100
261     G37822      267025 03672         50
261     G37822      267025 01308         50
261     G37823     2008411 00059        100
261     G37824     7507851 00059        100
261     G37825      606927 03247        100
261     G37826    14037851 00059        100
261     G37826     7508585 02219        100
261     G37827    18037851 00059        100
261     G37827     3008585 02219        100
261     G37828      605555 01999       12.7
261     G37828      605555 02668         27
261     G37828      605555 01308      30.15
261     G37828      605555 03247      30.15
261     G37829      800085 02219        100
261     G37830      800085 02219        100
261     G37831     1008411 00059        100
261     G37832    21037851 00059        100
261     G37832     4811837 00078        100
261     G37832      800085 02219        100
261     G37833     1200585 02219        100
261     G37834      800921 00059        100
261     G37835     1207851 00059        100
261     G37836      800085 02219        100
261     G37837      974628 00689        100
261     G37837      800085 02219        100
261     G37838     7007851 00059        100
261     G37838     1111112 00078        100
261     G37838      800085 02219        100
261     G37839     2008411 00059        100
261     G37839     1049837 00078        100
261     G37839      578628 00689        100
261     G37840      597979 03247        100
261     G37841      772426 00078         50
261     G37841      772426 02219         50
261     G37842      581628 00689        100
261     G37843      800921 00059        100
261     G37844     1108585 02219        100
261     G37844      726628 00689        100
261     G37845      974628 00689        100
261     G37846     1095615 01308         34
261     G37846     1095615 01999        5.5
261     G37846     1095615 03394          4
261     G37846     1095615 02647         34
261     G37846     1095615 02668       22.5
261     G37847      845615 01999        5.5
261     G37847      845615 02647         34
261     G37847      845615 03394          4
261     G37847      845615 01308         34
261     G37847      845615 02668       22.5
261     G37848     1108585 02219        100
261     G37849      800085 02219        100
261     G37850     2100615 02647        100
261     G37851      708700 02481        100
261     G37852      584700 02481        100
261     G37853      602615 02647        100
261     G37854     1700615 02647        100
261     G37855      920628 00689        100
261     G37856      726628 00689        100
261     G37857      858700 02481        100
261     G37858      858700 02481        100
261     G37859      800085 02219        100
261     G37860      608585 02219        100
261     G37861      650921 00059        100
261     G37862     1008411 00059        100
261     G37863      581628 00689        100
261     G37864      974628 00689        100
261     G37864      800085 02219        100
261     G37865      800085 02219        100
261     G37866      650921 00059        100
261     G37867      650921 00059        100
261     G37868      608585 02219        100
261     G37869      800085 02219        100
261     G37870      608585 02219        100
261     G37871      608585 02219        100
261     G37872     1508770 02481        100
261     G37873      726628 00689        100
261     G37874      673837 00078        100
261     G37875      709899 02748        100
261     G37876      659979 03247         50
261     G37876      659979 02805         50
261     G37877    11959999 02748        100
261     G37877     1437426 00078         55
261     G37877     1437426 02219         45
261     G37878    17187426 02219         55
261     G37878    17187426 00078         45
261     G37878     1959999 02748        100
261     G37879      837837 00078        100
261     G37880      773837 00078        100
261     G37881      673837 00078        100
261     G37882      584700 02481        100
261     G37883      584700 02481        100
261     G37884     1208585 02219        100
261     G37885     1108700 02481        100
261     G37886      597979 03247         40
261     G37886      597979 02805         40
261     G37886      597979 02668         20
261     G37887      808700 02481        100
261     G37888      608585 02219        100
261     G37889      808700 02481        100
261     G37890      800085 02219        100
261     G37891     5215628 00689        100
261     G37891     5166100 02647        100
261     G37892      628628 00689        100
261     G37893      909899 02748        100
261     G37894      595492 02668         25
261     G37894      595492 02647         35
261     G37894      595492 01999         40
261     G37895      909979 02647         35
261     G37895      909979 03247         30
261     G37895      909979 02668         25
261     G37895      909979 01999         10
261     G37895      800085 02219        100
261     G37896      595492 02668         25
261     G37896      595492 01999         10
261     G37896      595492 03247         30
261     G37896      595492 02647         35
261     G37897      584700 02481        100
261     G37898      579628 00689        100
261     G37899      579628 00689        100
261     G37900      602628 00689        100
261     G37901      579628 00689        100
261     G37902      579628 00689        100
261     G37903      835628 00689        100
261     G37904      579628 00689        100
261     G37905      835628 00689        100
261     G37906      579628 00689        100
261     G37907      584700 02481        100
261     G37908     1903628 00689        100
261     G37909      835628 00689        100
261     G37910      835628 00689        100
261     G37911     5308628 00689        100
261     G37912      835628 00689        100
261     G37913      608585 02219        100
261     G37914      608585 02219        100
261     G37915      608585 02219        100
261     G37916      608585 02219        100
261     G37917      608585 02219        100
261     G37918     2000999 02805        100
261     G37919      673837 00078        100
261     G37920      889837 00078        100
261     G37921      608585 02219        100
261     G37922     2100999 02805        100
261     G37923      659999 02805        100
261     G37924      625979 02805        100
261     G37925      775817 02058         50
261     G37925      775817 03362         50
261     G37926      672928 03362         50
261     G37926      672928 02058         50
261     G37927      800085 02219        100
261     G37928      800085 02219        100
261     G37929      800085 02219        100
261     G37930     2422222 03570         35
261     G37930     2422222 01999       12.5
261     G37930     2422222 02668         25
261     G37930     2422222 03747        7.5
261     G37930     2422222 03737         20
261     G37931     2143299 03737         20
261     G37931     2143299 03570         35
261     G37931     2143299 01999       12.5
261     G37931     2143299 03747        7.5
261     G37931     2143299 02668         25
261     G37932      801107 02277        100
261     G37932      627892 02058         67
261     G37932      627892 02805         33
261     G37933      800085 02219        100
261     G37933      597442 02058        100
261     G37934      800085 02219        100
261     G37934      597442 02058        100
261     G37935      801107 02277        100
261     G37936      901107 02277        100
261     G37937      901107 02277        100
261     G37938      610782 02058        100
261     G37939      901107 02277        100
261     G37940      901107 02277        100
261     G37941      766608 02219         50
261     G37941      766608 03362         50
261     G37942      578628 00689        100
261     G37943      578628 00689        100
261     G37944      595596 03570        100
261     G37945      578628 00689        100
261     G37946      578628 00689        100
261     G37947      612436 02668         50
261     G37947      612436 01999         50
261     G37948      608585 02219        100
261     G37949     1247033 01308         20
261     G37949     1247033 02668         25
261     G37949     1247033 03672         40
261     G37949     1247033 03194         15
261     G37950     2245033 03194         15
261     G37950     2245033 03672         40
261     G37950     2245033 01308         20
261     G37950     2245033 02668         25
261     G37951      859837 00078        100
261     G37952      595837 00078        100
261     G37953     2701979 03247         50
261     G37953     2701979 02805         50
261     G37954      659979 02805         50
261     G37954      659979 03247         50
261     G37955      659979 03247         50
261     G37955      659979 02805         50
261     G37956     1498555 03570         55
261     G37956     1498555 03747         20
261     G37956     1498555 02668         25
261     G37957     1487624 03570         55
261     G37957     1487624 03747         20
261     G37957     1487624 02668         25
261     G37958     5301107 02277        100
261     G37958     3000515 03747         20
261     G37958     3000515 03570         55
261     G37958     3000515 02668         25
261     G37959     3310107 02277        100
261     G37959     3000515 03570         55
261     G37959     3000515 02668         25
261     G37959     3000515 03747         20
261     G37960     3450427 02219   66.66667
261     G37960     3450427 03362   33.33333
261     G37960     2219942 02058        100
261     G37961     2450608 02219   66.66667
261     G37961     2450608 03362   33.33333
261     G37961     1221944 02058        100
